4
9
4
20
10
2
7
12
10
1
9
7
8
4
22
18
5
2
6
6
9
13
6
22
20
7
14
22
15
26
1
24
18
1
3
24
5
8
6
20
12
23
3
13
11
26
1
14
7
3
2
7
5
6
7
17
15
8
14
24
19
16
3
18
13
23
7
21
15
5
10
8
20
19
11
11
23
3
9
1
3
14
7
21
17
19
14
20
16
21
10
14
12
22
23
26
22
11
10
9
22
22
3
14
4
25
11
23
13
1
6
1
17
12
19
10
18
20
12
3
19
10
8
10
2
16
1
6
19
7
2
14
14
16
14
13
8
23
20
8
4
14
7
17
8
7
20
17
19
12
23
11
19
5
14
18
4
1
9
6
4
7
21
20
23
15
26
3
7
2
5
19
11
1
16
6
7
4
12
6
21
1
15
14
17
24
2
21
23
3
21
4
13
19
16
10
26
10
23
12
20
22
2
25
11
23
23
19
11
17
5
10
21
10
24
19
12
4
15
21
7
12
18
15
18
18
13
5
5
13
9
20
17
18
9
21
3
10
20
12
3
22
7
15
14
10
12
2
8
12
22
25
13
24
24
3
9
16
5
7
22
24
6
1
6
18
12
14
5
18
7
8
17
2
1
14
15
12
5
1
6
13
24
16
19
23
16
14
16
20
4
6
11
25
23
10
2
1
9
24
5
10
18
5
6
20
27
7
18
15
16
16
2
3
14
26
15
11
19
22
12
14
17
18
21
26
5
17
25
8
14
23
1
9
17
14
19
27
16
10
6
23
19
1
10
7
6
26
14
8
4
14
13
6
11
2
24
1
5
8
26
12
9
9
26
23
5
26
19
13
6
20
1
6
19
19
20
21
21
11
20
24
3
14
7
6
10
22
16
5
3
10
17
10
20
17
6
5
20
1
22
3
22
25
16
19
22
16
17
21
10
18
17
18
12
1
4
6
14
24
25
12
23
3
17
6
9
6
18
8
23
22
12
15
16
21
11
14
21
5
1
24
1
22
2
16
6
11
21
23
10
25
10
3
11
22
23
1
21
10
8
26
20
17
3
10
9
19
7
22
5
22
2
4
7
22
16
14
3
2
5
3
14
13
18
16
1
2
25
20
2
17
6
6
18
23
11
19
13
13
2
13
13
22
7
10
10
11
3
23
13
4
3
3
5
26
27
15
5
19
9
15
11
5
21
23
4
13
20
19
4
12
2
18
10
18
20
13
5
24
2
11
5
8
4
8
13
5
21
5
2
6
8
12
19
21
17
3
15
13
25
4
21
20
4
13
24
16
19
6
21
9
17
9
4
4
16
17
14
20
11
8
6
14
6
8
3
16
15
25
25
17
11
22
27
25
18
12
24
17
20
16
16
4
2
19
21
11
20
5
15
7
13
8
15
8
11
15
8
4
14
1
12
6
2
11
4
15
12
12
12
4
14
11
19
11
9
8
18
6
8
2
21
12
14
15
19
1
4
9
21
15
13
9
17
6
26
9
6
16
9
12
11
11
8
11
21
20
18
1
25
12
10
5
10
10
12
5
3
13
7
16
17
2
9
8
4
13
5
4
18
2
1
22
2
26
2
9
7
20
3
8
9
19
15
8
13
17
14
15
6
6
16
7
16
4
6
14
8
4
9
1
25
15
12
15
17
20
20
8
21
9
17
9
10
7
11
24
12
15
2
1
12
22
9
5
17
3
18
10
17
7
3
6
8
19
25
8
26
9
1
16
11
4
3
23
11
8
7
11
1
23
23
9
20
13
9
16
5
18
12
10
21
25
3
11
3
8
15
23
1
1
24
7
7
21
25
25
22
9
19
12
13
14
19
8
4
8
20
1
6
8
10
16
20
12
18
10
2
13
17
10
11
9
19
26
23
2
13
6
14
24
15
7
26
11
1
10
22
3
21
14
4
9
24
24
10
3
15
12
13
4
17
18
13
8
15
5
25
8
15
26
2
20
11
9
5
1
24
6
5
26
10
11
24
6
14
7
3
15
13
16
17
21
20
14
17
5
21
15
26
2
15
23
2
12
1
1
17
18
18
12
21
6
13
19
5
9
4
8
7
17
9
19
15
14
7
7
26
11
21
18
16
1
13
5
10
7
17
23
23
6
7
22
1
18
25
1
11
18
14
12
26
25
16
5
22
3
3
1
18
10
4
12
15
2
7
16
6
18
16
18
9
13
14
3
26
12
13
15
8
16
8
7
9
23
5
1
3
2
4
12
12
19
9
24
15
19
14
22
1
17
26
2
13
3
16
15
11
16
