56
160
36
80
125
113
155
65
18
20
133
25
11
128
60
3
54
54
156
34
70
14
107
117
82
138
122
111
156
22
118
134
29
77
10
4
89
71
45
1
167
33
23
146
165
15
93
124
6
108
35
83
160
88
16
76
104
168
129
94
117
114
75
100
65
145
26
87
48
59
123
31
146
5
61
29
144
57
40
31
162
26
163
72
142
37
20
32
15
115
64
85
86
118
94
50
66
27
125
21
152
8
125
130
116
82
77
49
17
136
16
157
85
41
37
66
101
134
115
47
56
131
39
121
100
83
44
91
82
102
76
49
86
77
107
129
84
21
61
122
110
161
72
151
120
98
142
124
114
40
68
17
104
140
75
27
113
127
40
33
156
116
50
19
38
41
119
97
27
150
45
44
2
121
13
70
3
68
140
28
103
88
10
95
120
79
133
3
53
98
53
130
140
143
167
84
102
154
47
11
30
67
52
6
90
9
99
74
63
91
60
101
67
48
1
159
119
107
163
93
28
56
89
58
22
23
55
81
115
16
6
67
109
66
168
12
79
71
2
124
21
2
164
149
138
62
105
54
95
121
76
123
133
96
59
42
128
136
39
128
94
52
18
48
24
12
96
164
18
51
63
64
104
62
30
80
20
112
47
146
153
119
80
34
50
29
155
31
89
30
109
139
112
105
169
19
42
91
28
42
79
26
52
63
126
139
139
152
7
65
96
126
38
99
44
8
64
93
39
17
99
166
26
141
145
111
19
36
155
160
66
148
97
4
69
75
3
147
136
142
92
78
25
69
71
97
7
58
70
43
57
158
109
46
141
135
78
150
32
130
13
149
46
41
34
11
74
55
120
159
166
143
108
51
68
126
14
55
4
144
106
143
10
74
131
51
151
24
45
58
9
158
90
113
110
117
122
57
161
62
43
127
98
132
5
105
101
85
158
17
92
37
87
101
146
36
158
135
134
1
46
32
170
137
132
118
132
110
114
124
108
78
37
87
43
72
169
129
53
14
22
147
7
33
139
131
13
86
61
90
84
153
135
127
112
50
92
154
103
59
95
106
73
157
109
111
73
48
138
49
81
137
23
168
111
81
165
69
148
5
90
35
25
35
116
33
73
38
83
162
24
102
69
88
103
12
54
148
15
153
