28
10
18
25
14
14
16
15
31
12
20
6
11
18
32
7
28
14
35
23
22
24
19
26
29
15
5
13
8
27
10
16
17
21
22
6
3
18
20
8
31
9
30
10
1
12
34
6
17
8
23
35
5
34
21
10
5
5
21
2
37
3
26
17
11
19
14
5
15
4
5
23
7
23
11
4
17
9
26
15
24
18
17
25
12
2
36
30
11
3
33
33
20
19
2
20
9
14
26
8
11
14
36
3
10
34
7
32
27
36
3
28
15
35
29
26
13
1
31
31
35
12
22
11
7
21
4
2
34
11
30
3
2
37
9
19
8
1
26
27
31
28
36
9
4
1
18
21
18
30
17
1
28
28
36
33
12
32
23
17
30
22
22
25
20
2
12
33
8
15
30
3
24
24
29
16
2
16
24
6
24
7
27
22
21
25
24
4
10
19
10
9
4
29
17
13
9
7
1
19
12
32
27
37
6
19
13
13
25
27
20
16
5
14
11
27
16
34
16
24
13
26
25
1
20
31
35
30
7
4
13
21
14
32
33
15
16
12
23
18
31
16
29
34
8
2
28
6
32
21
