8
5
13
2
17
1
11
10
15
12
16
20
9
6
19
7
21
20
12
19
9
13
17
8
14
10
5
18
15
16
4
11
11
19
14
20
4
6
1
16
3
8
2
9
7
10
17
21
22
16
17
18
14
7
4
15
12
20
3
11
13
1
6
19
13
14
9
1
12
3
8
11
6
2
4
17
18
19
5
22
2
17
4
3
10
5
7
12
13
14
9
15
1
20
8
23
15
13
11
9
6
2
3
4
5
1
7
8
10
12
14
16
12
10
8
7
16
14
5
1
2
3
15
4
6
9
11
13
17
7
1
6
8
10
2
3
4
13
14
16
11
5
12
9
6
4
10
11
7
9
12
5
16
15
1
2
3
8
13
14
9
1
5
14
3
15
10
2
7
11
13
6
17
18
16
4
3
15
18
10
5
12
14
6
17
4
8
7
16
11
20
2
4
11
6
8
2
17
13
9
1
7
10
14
19
15
18
12
19
18
16
13
11
8
15
7
10
5
6
1
12
17
9
20
20
21
19
5
1
4
6
13
9
17
12
3
8
7
2
18
18
6
3
12
13
16
9
14
8
22
11
19
5
21
15
10
