36
41
42
13
9
14
12
49
4
45
7
7
58
2
50
58
26
19
22
10
19
45
53
16
52
51
18
16
57
50
11
24
27
35
6
5
26
20
6
15
16
50
63
3
12
9
3
50
62
24
46
55
43
5
53
21
36
22
57
23
12
23
55
30
19
29
33
29
23
8
21
37
15
33
55
20
31
15
25
60
8
40
30
28
8
30
21
56
35
37
26
58
23
50
58
31
3
11
3
56
30
52
16
51
41
6
24
35
25
23
14
44
32
46
53
34
29
34
51
9
45
51
33
24
22
40
18
51
27
36
60
11
5
14
36
4
11
4
29
47
39
38
24
42
23
16
44
38
2
59
47
35
13
45
45
38
54
34
21
54
2
38
27
34
58
62
7
18
2
22
53
5
24
14
13
26
40
17
25
18
27
24
32
19
61
44
1
42
50
32
34
28
15
17
43
6
15
39
27
12
1
28
27
21
43
8
20
23
19
40
49
61
32
10
49
61
51
30
1
63
17
5
63
18
6
56
58
7
48
37
8
40
9
11
10
40
63
31
27
41
28
41
9
62
42
19
26
26
36
63
5
41
43
49
60
4
34
13
39
11
29
48
42
28
32
45
29
37
29
22
3
28
3
53
11
13
50
7
54
36
35
7
7
14
6
51
4
39
33
56
25
63
44
60
47
49
43
55
48
13
3
9
37
14
14
55
45
47
17
15
36
50
48
54
7
61
25
49
37
54
12
42
10
14
43
25
13
5
18
35
57
13
38
38
53
4
55
34
29
62
16
23
57
12
54
28
61
46
26
32
38
33
8
7
20
10
59
40
34
33
11
47
46
12
9
52
30
49
21
15
36
46
33
12
37
30
51
39
46
43
3
20
32
27
57
31
52
60
45
64
9
64
13
48
58
43
18
44
22
47
10
24
50
59
17
31
21
35
2
3
35
59
65
1
24
4
25
41
17
22
28
19
43
6
52
53
48
33
20
2
62
8
22
17
27
12
52
8
36
52
46
19
33
64
10
40
16
2
21
10
28
1
29
16
8
44
34
49
18
31
58
41
59
20
42
38
30
3
19
9
1
57
11
17
1
28
2
55
42
10
10
52
15
44
45
16
25
17
14
1
20
23
41
60
4
6
56
39
38
60
