54
34
48
37
83
81
24
52
17
14
42
35
11
21
44
69
31
23
11
60
4
31
5
6
53
78
66
25
45
37
63
29
62
80
68
32
27
8
88
73
51
59
14
85
12
14
59
81
52
62
37
30
13
4
22
39
45
87
15
91
13
10
67
40
19
20
38
46
80
84
36
28
5
23
73
11
10
29
39
7
71
43
54
76
46
35
56
55
3
8
1
12
53
89
48
82
35
69
60
1
7
77
42
84
85
90
16
48
24
79
65
58
16
83
25
78
72
86
61
30
31
20
25
36
15
65
61
28
28
86
88
40
43
33
27
72
3
34
68
17
33
92
44
7
47
32
74
34
33
19
17
2
29
55
41
73
50
83
4
79
75
11
63
32
9
77
57
30
87
71
72
70
2
1
49
59
20
50
56
21
51
47
18
90
5
21
26
22
61
15
50
58
76
41
75
64
56
22
53
36
51
42
10
52
71
46
2
74
68
62
38
18
36
44
70
9
49
41
57
63
67
40
37
38
54
55
43
42
64
45
12
26
47
77
70
6
67
86
6
13
23
64
39
78
66
19
82
24
75
26
