50
103
5
21
108
59
97
98
14
96
1
57
58
63
43
107
84
49
4
45
33
104
66
39
77
113
48
16
43
39
76
72
56
41
97
62
23
91
58
11
74
60
26
37
99
72
82
110
26
3
8
63
94
54
24
23
58
76
70
75
40
35
93
52
19
31
79
59
8
68
50
27
24
14
23
66
62
50
16
2
37
62
30
84
4
115
107
18
60
101
28
72
97
73
13
3
28
106
25
18
2
53
83
109
87
69
19
29
57
14
5
13
44
33
6
60
28
104
64
74
64
16
18
100
25
77
49
68
79
48
5
49
19
64
102
44
108
3
8
107
53
16
47
115
23
1
97
38
36
15
8
3
95
74
109
38
90
18
6
101
32
38
48
115
47
70
20
25
22
81
73
96
91
111
96
73
51
24
17
51
26
51
9
84
65
102
49
4
66
49
85
52
31
45
102
110
90
105
37
82
19
46
49
21
58
87
38
7
61
104
52
11
12
83
79
60
6
64
5
14
89
15
80
82
33
3
86
16
78
40
17
9
96
74
93
70
35
26
24
21
14
84
62
46
73
112
19
33
47
19
78
56
20
46
84
16
34
54
10
61
41
47
49
10
48
22
21
30
10
111
23
99
15
90
15
14
32
8
13
88
9
98
85
11
39
13
66
65
78
54
46
43
35
58
6
45
5
19
91
55
75
42
106
109
107
12
40
80
72
52
100
86
18
68
89
81
92
61
50
46
82
97
27
94
21
103
95
66
87
67
29
90
98
42
31
55
80
8
26
68
88
53
65
3
4
30
5
22
30
19
54
92
114
87
68
93
71
56
108
35
33
34
78
59
67
83
110
50
4
31
93
76
74
5
62
100
27
105
112
22
36
96
44
13
83
57
23
41
44
41
20
34
15
26
30
47
57
84
58
9
7
63
24
69
61
57
31
17
92
44
27
100
110
77
6
40
82
51
16
113
55
80
85
21
100
51
114
4
95
66
90
103
57
61
111
71
27
63
70
2
48
103
8
93
68
45
70
29
35
90
10
60
93
1
20
61
81
26
115
52
29
63
11
96
38
12
68
90
8
79
76
75
11
73
83
76
69
60
102
47
96
27
45
97
47
13
100
11
32
32
50
10
36
7
12
34
75
4
12
16
67
19
85
39
73
20
66
40
43
112
52
109
107
108
92
42
66
104
74
20
35
2
69
111
39
107
76
22
61
12
31
92
87
34
115
55
92
53
101
108
33
52
3
67
13
48
72
98
23
32
113
18
104
107
46
51
32
72
86
64
22
59
88
102
89
18
49
94
87
37
99
94
92
44
114
88
44
22
89
35
37
32
42
38
93
85
48
28
59
22
62
32
105
104
12
45
3
26
10
95
53
94
40
59
63
111
79
3
69
28
64
101
78
23
7
79
12
40
95
43
109
35
61
54
15
88
2
27
9
7
81
28
97
64
81
100
33
63
29
30
27
80
58
32
57
6
54
93
67
112
34
62
89
42
96
65
77
2
63
20
34
62
77
88
29
82
53
81
70
96
29
89
59
38
88
61
58
45
68
26
1
28
71
25
93
86
64
12
88
112
11
70
9
64
36
110
59
71
57
1
2
7
53
65
7
74
17
17
107
76
48
27
20
3
98
41
111
86
14
78
74
109
72
100
94
10
69
41
37
98
2
15
85
108
110
17
91
39
33
21
38
31
114
22
50
77
33
103
54
90
68
29
75
111
7
71
108
15
87
104
41
10
43
29
28
39
65
80
24
101
75
82
37
75
86
52
23
31
30
17
99
80
37
14
83
52
39
103
81
55
16
49
70
21
34
44
88
113
110
37
80
55
95
45
5
75
113
57
100
9
53
78
43
99
51
78
59
92
12
24
65
6
25
29
51
55
44
13
87
36
18
8
4
27
19
56
85
71
74
79
51
81
67
106
50
10
47
31
87
79
13
98
53
5
73
48
60
56
25
70
83
78
89
17
38
13
69
56
64
43
71
94
56
42
6
11
84
45
105
91
1
112
46
67
72
2
13
20
11
83
77
40
18
105
7
51
104
79
101
34
67
99
105
32
95
46
68
28
91
35
24
99
67
41
17
1
71
60
80
55
39
46
27
7
106
28
94
40
15
42
55
5
87
50
73
106
75
106
79
14
42
97
54
52
9
48
91
5
106
43
50
22
9
66
86
65
14
65
103
34
82
58
62
36
25
24
36
56
73
47
81
54
31
49
30
11
10
105
1
56
60
76
26
36
59
10
102
6
20
44
25
77
102
86
46
101
69
49
84
15
